[gd_scene load_steps=13 format=2]

[ext_resource path="res://Thing.gd" type="Script" id=1]

[sub_resource type="CubeMesh" id=1]

[sub_resource type="SpatialMaterial" id=2]
albedo_color = Color( 0.0156863, 0.807843, 0.643137, 1 )

[sub_resource type="BoxShape" id=3]

[sub_resource type="CubeMesh" id=4]

[sub_resource type="SpatialMaterial" id=5]
albedo_color = Color( 0.101961, 0.180392, 0.835294, 1 )

[sub_resource type="BoxShape" id=6]

[sub_resource type="SpatialMaterial" id=7]
albedo_color = Color( 0.909804, 0.247059, 0.117647, 1 )

[sub_resource type="CubeMesh" id=8]
material = SubResource( 7 )

[sub_resource type="CubeMesh" id=9]
size = Vector3( 0.5, 0.5, 0.5 )

[sub_resource type="SpatialMaterial" id=10]
albedo_color = Color( 0.921569, 0.929412, 0.054902, 1 )

[sub_resource type="BoxShape" id=11]

[node name="Main" type="Spatial"]

[node name="Camera" type="Camera" parent="."]
transform = Transform( 1, 0, 0, 0, 0.901307, 0.433182, 0, -0.433182, 0.901307, 0, 15.9583, 34.7697 )
current = true

[node name="DirectionalLight" type="DirectionalLight" parent="."]
transform = Transform( 0.819152, -0.242404, 0.519837, 0, 0.906308, 0.422618, -0.573576, -0.346189, 0.742404, 0, 22.5, 0 )
shadow_enabled = true

[node name="Ground" type="StaticBody" parent="."]
editor/display_folded = true

[node name="MeshInstance" type="MeshInstance" parent="Ground"]
transform = Transform( 40, 0, 0, 0, 1, 0, 0, 0, 40, 0, 0, 0 )
mesh = SubResource( 1 )
material/0 = SubResource( 2 )

[node name="CollisionShape" type="CollisionShape" parent="Ground"]
transform = Transform( 40, 0, 0, 0, 1, 0, 0, 0, 40, 0, 0, 0 )
shape = SubResource( 3 )

[node name="Obstacle1" type="StaticBody" parent="."]
editor/display_folded = true
transform = Transform( 1, 0, 0, 0, 1, 0, 0, 0, 1, 9.5, 2, 7 )

[node name="MeshInstance" type="MeshInstance" parent="Obstacle1"]
mesh = SubResource( 4 )
material/0 = SubResource( 5 )

[node name="CollisionShape" type="CollisionShape" parent="Obstacle1"]
shape = SubResource( 6 )

[node name="Obstacle2" type="StaticBody" parent="."]
editor/display_folded = true
transform = Transform( 1, 0, 0, 0, 1, 0, 0, 0, 1, -10.25, 2, 9.75 )

[node name="MeshInstance" type="MeshInstance" parent="Obstacle2"]
mesh = SubResource( 4 )
material/0 = SubResource( 5 )

[node name="CollisionShape" type="CollisionShape" parent="Obstacle2"]
shape = SubResource( 6 )

[node name="Obstacle3" type="StaticBody" parent="."]
editor/display_folded = true
transform = Transform( 1, 0, 0, 0, 1, 0, 0, 0, 1, -6.75, 2, -4.75 )

[node name="MeshInstance" type="MeshInstance" parent="Obstacle3"]
mesh = SubResource( 4 )
material/0 = SubResource( 5 )

[node name="CollisionShape" type="CollisionShape" parent="Obstacle3"]
shape = SubResource( 6 )

[node name="Thing" type="RigidBody" parent="."]
transform = Transform( 1, 0, 0, 0, 1, 0, 0, 0, 1, 0, 2, 0 )
script = ExtResource( 1 )

[node name="Pivot" type="Spatial" parent="Thing"]

[node name="Camera" type="Camera" parent="Thing/Pivot"]
transform = Transform( -4.26906e-008, 0.258819, -0.965926, 3.8097e-009, 0.965926, 0.258819, 1, 7.36925e-009, -4.2222e-008, -5.5, 3.5, -2.18557e-007 )
current = true

[node name="MeshInstance" type="MeshInstance" parent="Thing"]
editor/display_folded = true
mesh = SubResource( 8 )
material/0 = null

[node name="MeshInstance" type="MeshInstance" parent="Thing/MeshInstance"]
transform = Transform( 1, 0, 0, 0, 1, 0, 0, 0, 1, 1.25, 0.75, 0 )
mesh = SubResource( 9 )
material/0 = SubResource( 10 )

[node name="CollisionShape" type="CollisionShape" parent="Thing"]
shape = SubResource( 11 )
[connection signal="mouse_entered" from="Obstacle1" to="Thing" method="_on_Obstacle1_mouse_entered"]
